method                  scope          nQ    R@1    R@5    mAP  DIR@FAR.1  pairF1* pairF1@v   assF1  scored  total_s
--------------------------------------------------------------------------------------------------------------------
SIFT                    crop          305  0.420  0.824  0.408      0.049    0.343    0.337   0.362    1.00     47.2
ORB                     crop          305  0.370  0.787  0.372      0.043    0.337    0.337   0.361    1.00     23.4
ViT                     crop          305  0.613  0.859  0.487      0.259    0.344    0.336   0.409    1.00      6.4
DeiT                    crop          305  0.570  0.856  0.479      0.223    0.337    0.337   0.404    1.00      2.5
DINOv2                  crop          305  0.567  0.810  0.459      0.272    0.337    0.331   0.405    1.00      3.3
YOLOv8-backbone         crop          305  0.525  0.807  0.439      0.134    0.374    0.338   0.396    1.00      4.8
OSNet                   crop          305  0.603  0.882  0.497      0.154    0.338    0.337   0.412    1.00      1.8
SuperGlue               crop          305  0.518  0.865  0.434      0.384    0.357    0.337   0.389    1.00   1584.7
LoFTR                   crop          305  0.512  0.808  0.424      0.285    0.357    0.337   0.383    1.00   2193.0